+0.27901
-0.93579
-0.21551
-0.61054
+0.00036
-0.79199
-0.74121
-0.35255
+0.57124
+0.10227
-0.99164
-0.07864
-0.60798
+0.00027
-0.79395
-0.78734
-0.12901
+0.60287
+0.10227
+0.99164
-0.07864
-0.60798
-0.00027
-0.79395
-0.78734
+0.12901
+0.60287
+0.27901
+0.93579
-0.21551
-0.61054
-0.00036
-0.79199
-0.74121
+0.35255
+0.57124
+0.27901
+0.21551
+0.93579
-0.61054
+0.79199
-0.00036
-0.74121
-0.57124
+0.35255
+0.35827
+0.06893
+0.93107
-0.35730
+0.93147
+0.06853
-0.86254
-0.35723
+0.35835
+0.11861
-0.99173
-0.04900
-0.38181
+0.00000
-0.92424
-0.91660
-0.12834
+0.37865
+0.11861
+0.99173
-0.04900
-0.38181
-0.00000
-0.92424
-0.91660
+0.12834
+0.37865
+0.35827
-0.06893
+0.93107
-0.35730
-0.93147
+0.06853
-0.86254
+0.35723
+0.35835
+0.27901
-0.21551
+0.93579
-0.61054
-0.79199
-0.00036
-0.74121
+0.57124
+0.35255
+0.10227
+0.07864
+0.99164
-0.60798
+0.79395
-0.00027
-0.78734
-0.60287
+0.12901
+0.11861
+0.04900
+0.99173
-0.38181
+0.92424
-0.00000
-0.91660
-0.37865
+0.12834
+0.12967
+0.00797
+0.99153
-0.12769
+0.99178
+0.00873
-0.98330
-0.12774
+0.12962
+0.12967
-0.00797
+0.99153
-0.12769
-0.99178
+0.00873
-0.98330
+0.12774
+0.12962
+0.11861
-0.04900
+0.99173
-0.38181
-0.92424
-0.00000
-0.91660
+0.37865
+0.12834
+0.10227
-0.07864
+0.99164
-0.60798
-0.79395
-0.00027
-0.78734
+0.60287
+0.12901
+0.10227
+0.07864
-0.99164
-0.60798
+0.79395
+0.00027
-0.78734
-0.60287
-0.12901
+0.11861
+0.04900
-0.99173
-0.38181
+0.92424
+0.00000
-0.91660
-0.37865
-0.12834
+0.12967
+0.00797
-0.99153
-0.12769
+0.99178
-0.00873
-0.98330
-0.12774
-0.12962
+0.12967
-0.00797
-0.99153
-0.12769
-0.99178
-0.00873
-0.98330
+0.12774
-0.12962
+0.11861
-0.04900
-0.99173
-0.38181
-0.92424
+0.00000
-0.91660
+0.37865
-0.12834
+0.10227
-0.07864
-0.99164
-0.60798
-0.79395
+0.00027
-0.78734
+0.60287
-0.12901
+0.27901
+0.21551
-0.93579
-0.61054
+0.79199
+0.00036
-0.74121
-0.57124
-0.35255
+0.35827
+0.06893
-0.93107
-0.35730
+0.93147
-0.06853
-0.86254
-0.35723
-0.35835
+0.11861
-0.99173
+0.04900
-0.38181
+0.00000
+0.92424
-0.91660
-0.12834
-0.37865
+0.11861
+0.99173
+0.04900
-0.38181
-0.00000
+0.92424
-0.91660
+0.12834
-0.37865
+0.35827
-0.06893
-0.93107
-0.35730
-0.93147
-0.06853
-0.86254
+0.35723
-0.35835
+0.27901
-0.21551
-0.93579
-0.61054
-0.79199
+0.00036
-0.74121
+0.57124
-0.35255
+0.27901
-0.93579
+0.21551
-0.61054
+0.00036
+0.79199
-0.74121
-0.35255
-0.57124
+0.10227
-0.99164
+0.07864
-0.60798
+0.00027
+0.79395
-0.78734
-0.12901
-0.60287
+0.10227
+0.99164
+0.07864
-0.60798
-0.00027
+0.79395
-0.78734
+0.12901
-0.60287
+0.27901
+0.93579
+0.21551
-0.61054
-0.00036
+0.79199
-0.74121
+0.35255
-0.57124
-0.27901
+0.93579
-0.21551
+0.61054
-0.00036
-0.79199
+0.74121
+0.35255
+0.57124
-0.10227
+0.99164
-0.07864
+0.60798
-0.00027
-0.79395
+0.78734
+0.12901
+0.60287
-0.10227
-0.99164
-0.07864
+0.60798
+0.00027
-0.79395
+0.78734
-0.12901
+0.60287
-0.27901
-0.93579
-0.21551
+0.61054
+0.00036
-0.79199
+0.74121
-0.35255
+0.57124
-0.27901
-0.21551
+0.93579
+0.61054
-0.79199
-0.00036
+0.74121
+0.57124
+0.35255
-0.35827
-0.06893
+0.93107
+0.35730
-0.93147
+0.06853
+0.86254
+0.35723
+0.35835
-0.11861
+0.99173
-0.04900
+0.38181
-0.00000
-0.92424
+0.91660
+0.12834
+0.37865
-0.11861
-0.99173
-0.04900
+0.38181
+0.00000
-0.92424
+0.91660
-0.12834
+0.37865
-0.35827
+0.06893
+0.93107
+0.35730
+0.93147
+0.06853
+0.86254
-0.35723
+0.35835
-0.27901
+0.21551
+0.93579
+0.61054
+0.79199
-0.00036
+0.74121
-0.57124
+0.35255
-0.10227
-0.07864
+0.99164
+0.60798
-0.79395
-0.00027
+0.78734
+0.60287
+0.12901
-0.11861
-0.04900
+0.99173
+0.38181
-0.92424
-0.00000
+0.91660
+0.37865
+0.12834
-0.12967
-0.00797
+0.99153
+0.12769
-0.99178
+0.00873
+0.98330
+0.12774
+0.12962
-0.12967
+0.00797
+0.99153
+0.12769
+0.99178
+0.00873
+0.98330
-0.12774
+0.12962
-0.11861
+0.04900
+0.99173
+0.38181
+0.92424
-0.00000
+0.91660
-0.37865
+0.12834
-0.10227
+0.07864
+0.99164
+0.60798
+0.79395
-0.00027
+0.78734
-0.60287
+0.12901
-0.10227
-0.07864
-0.99164
+0.60798
-0.79395
+0.00027
+0.78734
+0.60287
-0.12901
-0.11861
-0.04900
-0.99173
+0.38181
-0.92424
+0.00000
+0.91660
+0.37865
-0.12834
-0.12967
-0.00797
-0.99153
+0.12769
-0.99178
-0.00873
+0.98330
+0.12774
-0.12962
-0.12967
+0.00797
-0.99153
+0.12769
+0.99178
-0.00873
+0.98330
-0.12774
-0.12962
-0.11861
+0.04900
-0.99173
+0.38181
+0.92424
+0.00000
+0.91660
-0.37865
-0.12834
-0.10227
+0.07864
-0.99164
+0.60798
+0.79395
+0.00027
+0.78734
-0.60287
-0.12901
-0.27901
-0.21551
-0.93579
+0.61054
-0.79199
+0.00036
+0.74121
+0.57124
-0.35255
-0.35827
-0.06893
-0.93107
+0.35730
-0.93147
-0.06853
+0.86254
+0.35723
-0.35835
-0.11861
+0.99173
+0.04900
+0.38181
-0.00000
+0.92424
+0.91660
+0.12834
-0.37865
-0.11861
-0.99173
+0.04900
+0.38181
+0.00000
+0.92424
+0.91660
-0.12834
-0.37865
-0.35827
+0.06893
-0.93107
+0.35730
+0.93147
-0.06853
+0.86254
-0.35723
-0.35835
-0.27901
+0.21551
-0.93579
+0.61054
+0.79199
+0.00036
+0.74121
-0.57124
-0.35255
-0.27901
+0.93579
+0.21551
+0.61054
-0.00036
+0.79199
+0.74121
+0.35255
-0.57124
-0.10227
+0.99164
+0.07864
+0.60798
-0.00027
+0.79395
+0.78734
+0.12901
-0.60287
-0.10227
-0.99164
+0.07864
+0.60798
+0.00027
+0.79395
+0.78734
-0.12901
-0.60287
-0.27901
-0.93579
+0.21551
+0.61054
+0.00036
+0.79199
+0.74121
-0.35255
-0.57124
+0.93579
+0.27901
-0.21551
-0.00036
-0.61054
-0.79199
+0.35255
-0.74121
+0.57124
+0.99164
+0.10227
-0.07864
-0.00027
-0.60798
-0.79395
+0.12901
-0.78734
+0.60287
-0.99164
+0.10227
-0.07864
+0.00027
-0.60798
-0.79395
-0.12901
-0.78734
+0.60287
-0.93579
+0.27901
-0.21551
+0.00036
-0.61054
-0.79199
-0.35255
-0.74121
+0.57124
-0.21551
+0.27901
+0.93579
-0.79199
-0.61054
-0.00036
+0.57124
-0.74121
+0.35255
-0.06893
+0.35827
+0.93107
-0.93147
-0.35730
+0.06853
+0.35723
-0.86254
+0.35835
+0.99173
+0.11861
-0.04900
-0.00000
-0.38181
-0.92424
+0.12834
-0.91660
+0.37865
-0.99173
+0.11861
-0.04900
+0.00000
-0.38181
-0.92424
-0.12834
-0.91660
+0.37865
+0.06893
+0.35827
+0.93107
+0.93147
-0.35730
+0.06853
-0.35723
-0.86254
+0.35835
+0.21551
+0.27901
+0.93579
+0.79199
-0.61054
-0.00036
-0.57124
-0.74121
+0.35255
-0.07864
+0.10227
+0.99164
-0.79395
-0.60798
-0.00027
+0.60287
-0.78734
+0.12901
-0.04900
+0.11861
+0.99173
-0.92424
-0.38181
-0.00000
+0.37865
-0.91660
+0.12834
-0.00797
+0.12967
+0.99153
-0.99178
-0.12769
+0.00873
+0.12774
-0.98330
+0.12962
+0.00797
+0.12967
+0.99153
+0.99178
-0.12769
+0.00873
-0.12774
-0.98330
+0.12962
+0.04900
+0.11861
+0.99173
+0.92424
-0.38181
-0.00000
-0.37865
-0.91660
+0.12834
+0.07864
+0.10227
+0.99164
+0.79395
-0.60798
-0.00027
-0.60287
-0.78734
+0.12901
-0.07864
+0.10227
-0.99164
-0.79395
-0.60798
+0.00027
+0.60287
-0.78734
-0.12901
-0.04900
+0.11861
-0.99173
-0.92424
-0.38181
+0.00000
+0.37865
-0.91660
-0.12834
-0.00797
+0.12967
-0.99153
-0.99178
-0.12769
-0.00873
+0.12774
-0.98330
-0.12962
+0.00797
+0.12967
-0.99153
+0.99178
-0.12769
-0.00873
-0.12774
-0.98330
-0.12962
+0.04900
+0.11861
-0.99173
+0.92424
-0.38181
+0.00000
-0.37865
-0.91660
-0.12834
+0.07864
+0.10227
-0.99164
+0.79395
-0.60798
+0.00027
-0.60287
-0.78734
-0.12901
-0.21551
+0.27901
-0.93579
-0.79199
-0.61054
+0.00036
+0.57124
-0.74121
-0.35255
-0.06893
+0.35827
-0.93107
-0.93147
-0.35730
-0.06853
+0.35723
-0.86254
-0.35835
+0.99173
+0.11861
+0.04900
-0.00000
-0.38181
+0.92424
+0.12834
-0.91660
-0.37865
-0.99173
+0.11861
+0.04900
+0.00000
-0.38181
+0.92424
-0.12834
-0.91660
-0.37865
+0.06893
+0.35827
-0.93107
+0.93147
-0.35730
-0.06853
-0.35723
-0.86254
-0.35835
+0.21551
+0.27901
-0.93579
+0.79199
-0.61054
+0.00036
-0.57124
-0.74121
-0.35255
+0.93579
+0.27901
+0.21551
-0.00036
-0.61054
+0.79199
+0.35255
-0.74121
-0.57124
+0.99164
+0.10227
+0.07864
-0.00027
-0.60798
+0.79395
+0.12901
-0.78734
-0.60287
-0.99164
+0.10227
+0.07864
+0.00027
-0.60798
+0.79395
-0.12901
-0.78734
-0.60287
-0.93579
+0.27901
+0.21551
+0.00036
-0.61054
+0.79199
-0.35255
-0.74121
-0.57124
-0.93579
-0.27901
-0.21551
+0.00036
+0.61054
-0.79199
-0.35255
+0.74121
+0.57124
-0.99164
-0.10227
-0.07864
+0.00027
+0.60798
-0.79395
-0.12901
+0.78734
+0.60287
+0.99164
-0.10227
-0.07864
-0.00027
+0.60798
-0.79395
+0.12901
+0.78734
+0.60287
+0.93579
-0.27901
-0.21551
-0.00036
+0.61054
-0.79199
+0.35255
+0.74121
+0.57124
+0.21551
-0.27901
+0.93579
+0.79199
+0.61054
-0.00036
-0.57124
+0.74121
+0.35255
+0.06893
-0.35827
+0.93107
+0.93147
+0.35730
+0.06853
-0.35723
+0.86254
+0.35835
-0.99173
-0.11861
-0.04900
+0.00000
+0.38181
-0.92424
-0.12834
+0.91660
+0.37865
+0.99173
-0.11861
-0.04900
-0.00000
+0.38181
-0.92424
+0.12834
+0.91660
+0.37865
-0.06893
-0.35827
+0.93107
-0.93147
+0.35730
+0.06853
+0.35723
+0.86254
+0.35835
-0.21551
-0.27901
+0.93579
-0.79199
+0.61054
-0.00036
+0.57124
+0.74121
+0.35255
+0.07864
-0.10227
+0.99164
+0.79395
+0.60798
-0.00027
-0.60287
+0.78734
+0.12901
+0.04900
-0.11861
+0.99173
+0.92424
+0.38181
-0.00000
-0.37865
+0.91660
+0.12834
+0.00797
-0.12967
+0.99153
+0.99178
+0.12769
+0.00873
-0.12774
+0.98330
+0.12962
-0.00797
-0.12967
+0.99153
-0.99178
+0.12769
+0.00873
+0.12774
+0.98330
+0.12962
-0.04900
-0.11861
+0.99173
-0.92424
+0.38181
-0.00000
+0.37865
+0.91660
+0.12834
-0.07864
-0.10227
+0.99164
-0.79395
+0.60798
-0.00027
+0.60287
+0.78734
+0.12901
+0.07864
-0.10227
-0.99164
+0.79395
+0.60798
+0.00027
-0.60287
+0.78734
-0.12901
+0.04900
-0.11861
-0.99173
+0.92424
+0.38181
+0.00000
-0.37865
+0.91660
-0.12834
+0.00797
-0.12967
-0.99153
+0.99178
+0.12769
-0.00873
-0.12774
+0.98330
-0.12962
-0.00797
-0.12967
-0.99153
-0.99178
+0.12769
-0.00873
+0.12774
+0.98330
-0.12962
-0.04900
-0.11861
-0.99173
-0.92424
+0.38181
+0.00000
+0.37865
+0.91660
-0.12834
-0.07864
-0.10227
-0.99164
-0.79395
+0.60798
+0.00027
+0.60287
+0.78734
-0.12901
+0.21551
-0.27901
-0.93579
+0.79199
+0.61054
+0.00036
-0.57124
+0.74121
-0.35255
+0.06893
-0.35827
-0.93107
+0.93147
+0.35730
-0.06853
-0.35723
+0.86254
-0.35835
-0.99173
-0.11861
+0.04900
+0.00000
+0.38181
+0.92424
-0.12834
+0.91660
-0.37865
+0.99173
-0.11861
+0.04900
-0.00000
+0.38181
+0.92424
+0.12834
+0.91660
-0.37865
-0.06893
-0.35827
-0.93107
-0.93147
+0.35730
-0.06853
+0.35723
+0.86254
-0.35835
-0.21551
-0.27901
-0.93579
-0.79199
+0.61054
+0.00036
+0.57124
+0.74121
-0.35255
-0.93579
-0.27901
+0.21551
+0.00036
+0.61054
+0.79199
-0.35255
+0.74121
-0.57124
-0.99164
-0.10227
+0.07864
+0.00027
+0.60798
+0.79395
-0.12901
+0.78734
-0.60287
+0.99164
-0.10227
+0.07864
-0.00027
+0.60798
+0.79395
+0.12901
+0.78734
-0.60287
+0.93579
-0.27901
+0.21551
-0.00036
+0.61054
+0.79199
+0.35255
+0.74121
-0.57124
-0.21551
+0.93579
+0.27901
-0.79199
-0.00036
-0.61054
+0.57124
+0.35255
-0.74121
-0.07864
+0.99164
+0.10227
-0.79395
-0.00027
-0.60798
+0.60287
+0.12901
-0.78734
-0.07864
-0.99164
+0.10227
-0.79395
+0.00027
-0.60798
+0.60287
-0.12901
-0.78734
-0.21551
-0.93579
+0.27901
-0.79199
+0.00036
-0.61054
+0.57124
-0.35255
-0.74121
+0.93579
-0.21551
+0.27901
-0.00036
-0.79199
-0.61054
+0.35255
+0.57124
-0.74121
+0.93107
-0.06893
+0.35827
+0.06853
-0.93147
-0.35730
+0.35835
+0.35723
-0.86254
-0.04900
+0.99173
+0.11861
-0.92424
-0.00000
-0.38181
+0.37865
+0.12834
-0.91660
-0.04900
-0.99173
+0.11861
-0.92424
+0.00000
-0.38181
+0.37865
-0.12834
-0.91660
+0.93107
+0.06893
+0.35827
+0.06853
+0.93147
-0.35730
+0.35835
-0.35723
-0.86254
+0.93579
+0.21551
+0.27901
-0.00036
+0.79199
-0.61054
+0.35255
-0.57124
-0.74121
+0.99164
-0.07864
+0.10227
-0.00027
-0.79395
-0.60798
+0.12901
+0.60287
-0.78734
+0.99173
-0.04900
+0.11861
-0.00000
-0.92424
-0.38181
+0.12834
+0.37865
-0.91660
+0.99153
-0.00797
+0.12967
+0.00873
-0.99178
-0.12769
+0.12962
+0.12774
-0.98330
+0.99153
+0.00797
+0.12967
+0.00873
+0.99178
-0.12769
+0.12962
-0.12774
-0.98330
+0.99173
+0.04900
+0.11861
-0.00000
+0.92424
-0.38181
+0.12834
-0.37865
-0.91660
+0.99164
+0.07864
+0.10227
-0.00027
+0.79395
-0.60798
+0.12901
-0.60287
-0.78734
-0.99164
-0.07864
+0.10227
+0.00027
-0.79395
-0.60798
-0.12901
+0.60287
-0.78734
-0.99173
-0.04900
+0.11861
+0.00000
-0.92424
-0.38181
-0.12834
+0.37865
-0.91660
-0.99153
-0.00797
+0.12967
-0.00873
-0.99178
-0.12769
-0.12962
+0.12774
-0.98330
-0.99153
+0.00797
+0.12967
-0.00873
+0.99178
-0.12769
-0.12962
-0.12774
-0.98330
-0.99173
+0.04900
+0.11861
+0.00000
+0.92424
-0.38181
-0.12834
-0.37865
-0.91660
-0.99164
+0.07864
+0.10227
+0.00027
+0.79395
-0.60798
-0.12901
-0.60287
-0.78734
-0.93579
-0.21551
+0.27901
+0.00036
-0.79199
-0.61054
-0.35255
+0.57124
-0.74121
-0.93107
-0.06893
+0.35827
-0.06853
-0.93147
-0.35730
-0.35835
+0.35723
-0.86254
+0.04900
+0.99173
+0.11861
+0.92424
-0.00000
-0.38181
-0.37865
+0.12834
-0.91660
+0.04900
-0.99173
+0.11861
+0.92424
+0.00000
-0.38181
-0.37865
-0.12834
-0.91660
-0.93107
+0.06893
+0.35827
-0.06853
+0.93147
-0.35730
-0.35835
-0.35723
-0.86254
-0.93579
+0.21551
+0.27901
+0.00036
+0.79199
-0.61054
-0.35255
-0.57124
-0.74121
+0.21551
+0.93579
+0.27901
+0.79199
-0.00036
-0.61054
-0.57124
+0.35255
-0.74121
+0.07864
+0.99164
+0.10227
+0.79395
-0.00027
-0.60798
-0.60287
+0.12901
-0.78734
+0.07864
-0.99164
+0.10227
+0.79395
+0.00027
-0.60798
-0.60287
-0.12901
-0.78734
+0.21551
-0.93579
+0.27901
+0.79199
+0.00036
-0.61054
-0.57124
-0.35255
-0.74121
-0.21551
-0.93579
-0.27901
-0.79199
+0.00036
+0.61054
+0.57124
-0.35255
+0.74121
-0.07864
-0.99164
-0.10227
-0.79395
+0.00027
+0.60798
+0.60287
-0.12901
+0.78734
-0.07864
+0.99164
-0.10227
-0.79395
-0.00027
+0.60798
+0.60287
+0.12901
+0.78734
-0.21551
+0.93579
-0.27901
-0.79199
-0.00036
+0.61054
+0.57124
+0.35255
+0.74121
+0.93579
+0.21551
-0.27901
-0.00036
+0.79199
+0.61054
+0.35255
-0.57124
+0.74121
+0.93107
+0.06893
-0.35827
+0.06853
+0.93147
+0.35730
+0.35835
-0.35723
+0.86254
-0.04900
-0.99173
-0.11861
-0.92424
+0.00000
+0.38181
+0.37865
-0.12834
+0.91660
-0.04900
+0.99173
-0.11861
-0.92424
-0.00000
+0.38181
+0.37865
+0.12834
+0.91660
+0.93107
-0.06893
-0.35827
+0.06853
-0.93147
+0.35730
+0.35835
+0.35723
+0.86254
+0.93579
-0.21551
-0.27901
-0.00036
-0.79199
+0.61054
+0.35255
+0.57124
+0.74121
+0.99164
+0.07864
-0.10227
-0.00027
+0.79395
+0.60798
+0.12901
-0.60287
+0.78734
+0.99173
+0.04900
-0.11861
-0.00000
+0.92424
+0.38181
+0.12834
-0.37865
+0.91660
+0.99153
+0.00797
-0.12967
+0.00873
+0.99178
+0.12769
+0.12962
-0.12774
+0.98330
+0.99153
-0.00797
-0.12967
+0.00873
-0.99178
+0.12769
+0.12962
+0.12774
+0.98330
+0.99173
-0.04900
-0.11861
-0.00000
-0.92424
+0.38181
+0.12834
+0.37865
+0.91660
+0.99164
-0.07864
-0.10227
-0.00027
-0.79395
+0.60798
+0.12901
+0.60287
+0.78734
-0.99164
+0.07864
-0.10227
+0.00027
+0.79395
+0.60798
-0.12901
-0.60287
+0.78734
-0.99173
+0.04900
-0.11861
+0.00000
+0.92424
+0.38181
-0.12834
-0.37865
+0.91660
-0.99153
+0.00797
-0.12967
-0.00873
+0.99178
+0.12769
-0.12962
-0.12774
+0.98330
-0.99153
-0.00797
-0.12967
-0.00873
-0.99178
+0.12769
-0.12962
+0.12774
+0.98330
-0.99173
-0.04900
-0.11861
+0.00000
-0.92424
+0.38181
-0.12834
+0.37865
+0.91660
-0.99164
-0.07864
-0.10227
+0.00027
-0.79395
+0.60798
-0.12901
+0.60287
+0.78734
-0.93579
+0.21551
-0.27901
+0.00036
+0.79199
+0.61054
-0.35255
-0.57124
+0.74121
-0.93107
+0.06893
-0.35827
-0.06853
+0.93147
+0.35730
-0.35835
-0.35723
+0.86254
+0.04900
-0.99173
-0.11861
+0.92424
+0.00000
+0.38181
-0.37865
-0.12834
+0.91660
+0.04900
+0.99173
-0.11861
+0.92424
-0.00000
+0.38181
-0.37865
+0.12834
+0.91660
-0.93107
-0.06893
-0.35827
-0.06853
-0.93147
+0.35730
-0.35835
+0.35723
+0.86254
-0.93579
-0.21551
-0.27901
+0.00036
-0.79199
+0.61054
-0.35255
+0.57124
+0.74121
+0.21551
-0.93579
-0.27901
+0.79199
+0.00036
+0.61054
-0.57124
-0.35255
+0.74121
+0.07864
-0.99164
-0.10227
+0.79395
+0.00027
+0.60798
-0.60287
-0.12901
+0.78734
+0.07864
+0.99164
-0.10227
+0.79395
-0.00027
+0.60798
-0.60287
+0.12901
+0.78734
+0.21551
+0.93579
-0.27901
+0.79199
-0.00036
+0.61054
-0.57124
+0.35255
+0.74121
